89 130 7
75 49 4
375 131 8
265 97 6
120 182 2
55 140 6
36 77 4
412 121 5
409 181 1
171 101 0
202 165 4
494 17 2
338 44 8
158 166 2
447 26 4
91 93 8
185 139 4
236 30 9
143 159 7
468 5 8
177 25 4
217 83 1
236 184 4
238 182 0
401 152 8
158 81 7
19 133 0
245 129 7
321 148 1
333 107 6
307 125 9
170 152 1
480 95 8
87 165 5
109 93 8
191 76 5
17 199 6
323 136 0
445 193 7
417 4 3
298 21 0
466 106 2
34 39 1
30 173 1
465 40 2
75 184 3
151 40 8
57 173 8
457 84 7
114 80 5
64 36 2
203 8 7
415 114 1
391 118 5
88 112 9
470 29 4
22 86 8
197 90 2
39 16 8
417 46 0
316 96 8
468 39 3
329 185 3
368 28 9
370 183 2
258 117 7
141 111 8
484 101 9
207 17 7
232 60 7
363 130 0
69 34 6
450 195 1
306 61 5
253 72 6
356 176 2
449 19 2
256 4 1
377 30 7
94 67 7
444 150 6
75 8 2
164 6 6
223 145 3
162 104 2
176 79 5
135 16 4
68 97 4
490 199 5
208 92 6
121 199 9
321 0 8
106 167 4
144 195 8
18 177 1
255 169 1
328 91 3
286 33 5
4 89 7
308 153 5
182 17 3
429 157 1
222 94 0
317 15 1
128 61 3
379 111 7
359 41 2
409 108 3
355 80 9
197 133 2
19 105 9
409 3 4
107 8 9
330 64 1
463 196 5
436 197 1
446 92 9
218 173 8
391 197 9
309 2 3
273 22 2
44 183 8
153 111 9
261 194 7
262 141 9
106 130 5
346 44 7
174 77 5
451 150 4
277 113 0
35 8 9
186 132 1
392 53 5
47 87 6
102 196 6
393 188 4
99 192 3
35 33 5
175 190 3
264 129 2
500 142 0
70 124 4
29 61 9
448 19 8
51 185 0
344 107 3
362 140 3
382 10 2
85 1 3
17 77 3
16 77 8
388 174 9
166 164 6
110 149 5
405 165 0
137 10 9
161 135 9
343 40 7
182 191 0
285 69 0
212 78 5
2 23 8
130 39 8
313 163 8
318 178 3
497 81 6
403 122 4
456 161 0
89 76 2
482 86 1
428 100 6
9 21 0
482 161 2
403 195 0
135 79 9
191 140 1
494 63 4
249 2 6
366 134 4
488 140 7
154 27 3
102 168 4
404 178 4
164 12 5
494 154 6
187 58 4
344 71 4
403 193 6
202 176 0
434 125 9
432 38 9
17 140 0
446 124 9
478 31 0
44 144 5
307 141 5
217 146 4
435 109 5
191 64 5
118 152 5
323 2 3
211 127 1
319 173 1
117 47 1
316 40 7
115 85 1
461 117 2
91 195 9
353 191 3
127 148 8
85 78 2
11 53 8
354 6 6
436 52 3
466 86 6
260 152 6
221 192 0
493 61 7
42 40 4
199 52 2
200 62 3
476 52 8
13 195 6
95 82 8
261 39 6
105 175 7
203 187 1
243 179 2
206 67 2
376 179 3
368 179 7
123 169 5
340 13 9
433 1 9
308 150 2
217 122 2
201 93 7
112 61 9
140 188 8
445 4 4
324 143 1
315 195 7
356 4 2
320 88 4
164 24 0
87 51 1
412 137 3
453 65 3
361 80 5
462 115 4
327 189 7
37 4 7
325 112 5
9 96 8
30 39 7
82 57 6
449 70 4
411 140 9
159 66 0
404 135 8
66 181 5
199 93 0
334 191 8
208 184 1
15 83 1
366 183 3
437 183 1
304 107 3
288 24 6
18 156 4
126 52 6
214 160 1
79 19 7
351 92 3
417 22 2
308 123 8
42 18 8
22 182 7
468 194 3
85 72 9
478 192 1
229 111 2
485 59 9
472 76 3
375 29 0
332 180 9
415 90 9
22 161 8
413 30 8
395 178 4
436 133 5
372 165 2
417 78 3
7 118 0
216 50 0
341 91 8
200 136 2
10 133 8
141 54 6
112 168 8
