387 147 2
327 121 2
81 127 1
115 15 9
411 147 5
436 117 1
29 176 8
483 181 0
80 92 8
156 84 7
436 194 2
169 192 0
358 70 3
26 174 8
291 158 8
397 102 5
148 69 1
335 128 4
140 174 7
180 136 4
333 100 4
483 140 2
8 96 4
71 179 7
318 160 2
46 18 1
448 24 9
129 154 5
249 29 8
201 44 6
171 87 5
376 30 2
49 79 2
420 130 7
48 145 4
428 62 9
191 185 3
265 67 6
15 3 9
37 187 2
246 77 7
323 87 6
477 170 6
147 150 7
7 72 2
83 185 5
499 153 1
462 77 0
31 173 6
213 112 4
272 37 2
346 40 8
101 74 0
216 7 4
94 109 3
8 103 5
204 173 6
15 15 8
429 105 5
293 22 2
134 52 1
191 57 6
396 122 4
99 44 5
435 163 7
356 46 6
302 102 9
359 164 8
251 158 3
365 187 8
273 160 2
24 182 1
294 129 3
390 126 6
167 97 1
396 107 1
285 129 8
350 29 4
171 1 7
83 89 3
261 25 4
419 169 8
270 95 5
211 135 3
85 64 2
421 10 5
399 116 0
31 20 8
365 103 4
338 136 4
184 126 1
303 19 7
394 107 4
152 171 4
146 149 1
92 139 9
343 104 2
183 2 8
398 103 1
366 167 9
471 13 1
461 78 9
353 165 7
191 180 1
495 133 2
204 48 3
20 170 3
18 129 4
150 1 2
122 196 8
34 125 8
213 175 9
331 89 1
100 111 1
67 45 5
185 28 5
484 3 4
157 191 6
37 101 1
405 44 7
456 36 1
4 126 9
247 23 1
294 132 7
411 167 7
110 97 1
493 88 1
348 161 5
360 25 6
336 78 4
315 55 6
473 185 2
260 10 9
154 72 8
472 76 5
480 65 3
273 55 8
327 32 1
388 132 8
442 187 4
8 16 0
282 154 0
454 123 3
181 130 1
160 6 7
342 71 5
199 65 9
25 197 2
22 101 6
213 1 8
315 1 0
44 32 4
195 163 3
133 11 1
430 51 8
326 139 4
199 162 4
355 135 4
355 56 9
222 23 2
459 191 4
162 115 8
38 176 4
171 18 5
77 41 2
384 64 0
454 5 1
367 56 7
21 37 7
254 24 4
129 193 6
147 180 8
356 136 8
394 88 5
324 50 5
108 68 9
173 34 5
411 106 4
291 160 9
482 154 6
109 13 6
50 156 0
498 100 5
496 13 3
87 17 8
85 141 2
171 43 4
485 129 2
381 116 3
357 149 8
295 65 3
416 162 4
180 120 0
185 107 0
398 61 7
418 110 9
255 145 9
345 147 0
140 2 0
100 139 7
218 172 0
472 192 6
113 65 5
159 146 5
32 101 6
278 3 0
92 76 8
473 120 7
235 160 1
147 161 7
414 182 7
213 127 1
448 158 1
206 45 6
299 110 2
385 12 3
306 11 4
184 121 3
302 130 2
205 166 1
375 13 0
29 6 8
389 158 2
61 137 0
366 86 5
351 193 3
32 71 0
179 25 0
394 44 4
364 130 5
342 107 1
349 59 0
33 38 7
102 1 3
172 95 2
142 78 6
280 52 8
216 30 6
96 5 7
258 50 9
78 196 3
248 57 5
299 65 6
2 92 1
461 19 7
68 88 0
284 85 8
341 191 8
435 88 5
91 56 8
489 198 2
324 98 1
198 156 8
109 84 8
146 120 3
380 40 6
456 47 9
313 48 3
291 131 8
376 8 6
65 166 7
255 188 7
469 154 6
234 193 9
357 17 3
255 41 7
389 177 6
174 137 9
320 79 8
348 150 9
161 116 2
319 179 2
40 29 9
139 132 8
215 116 6
201 23 2
364 92 3
126 0 3
210 153 6
363 84 7
196 77 0
61 42 5
23 136 1
282 69 8
242 49 9
130 55 0
205 52 5
394 52 5
442 130 3
436 7 1
393 161 1
53 179 5
488 111 1
297 162 6
152 158 1
463 137 0
434 155 8
321 47 8
122 184 2
225 158 0
