490 188 4
33 103 0
2 116 5
157 88 6
293 142 4
305 116 2
216 81 6
431 74 4
477 126 1
305 21 0
155 179 0
275 103 0
89 89 8
67 178 7
379 134 2
279 57 3
418 93 4
135 195 9
343 28 8
451 12 7
500 136 0
281 115 1
182 2 7
482 48 8
357 194 8
476 37 0
414 66 5
192 121 8
364 61 5
122 46 5
341 127 4
264 55 2
129 14 3
235 189 3
119 134 3
203 114 9
479 102 9
313 33 6
244 127 3
94 191 1
348 50 9
442 74 0
323 138 2
98 105 7
98 104 9
192 3 5
31 90 0
405 111 7
157 86 3
437 57 9
220 31 8
239 192 6
363 106 7
254 166 0
179 185 9
96 61 9
63 194 4
183 106 2
251 28 1
185 25 7
348 164 4
357 6 7
5 65 8
47 114 4
348 191 2
246 40 6
447 54 0
493 70 7
66 82 6
355 39 6
193 90 3
294 176 5
230 147 1
446 76 0
105 13 8
145 33 0
446 192 8
307 32 4
165 114 3
420 184 7
208 81 0
285 126 7
114 26 2
221 128 3
214 24 3
202 92 9
400 41 2
120 23 3
488 88 9
326 137 2
277 52 5
479 93 2
465 50 1
1 139 5
74 145 3
489 139 5
419 103 4
466 3 7
65 81 8
64 196 0
77 55 6
453 148 1
198 107 8
315 168 7
454 122 9
329 182 6
112 55 9
458 88 6
229 111 6
467 32 2
467 39 6
414 4 7
154 86 0
283 31 8
426 1 6
132 75 0
389 63 1
95 82 0
260 126 8
205 125 4
226 144 0
257 35 7
462 46 0
411 113 6
448 157 9
436 147 6
474 199 2
124 173 2
246 178 1
104 176 7
323 84 2
389 64 8
361 72 7
190 110 6
271 33 3
472 59 0
170 174 6
198 54 5
481 33 1
36 168 0
498 76 0
182 20 6
48 127 1
389 155 1
161 199 7
127 150 3
473 117 9
175 163 7
18 40 0
43 67 1
475 147 6
138 67 3
478 187 9
80 114 1
252 80 2
351 4 8
470 136 5
464 92 1
354 75 2
488 169 4
28 105 9
55 76 4
448 126 2
379 90 4
396 175 7
93 94 6
254 164 5
459 75 7
196 188 5
142 190 4
212 197 8
429 95 6
480 102 4
290 111 7
219 174 1
364 186 9
116 6 4
465 188 1
160 102 1
434 91 4
160 75 8
130 95 0
2 175 7
348 0 5
455 52 0
94 33 6
196 180 8
250 7 5
48 128 9
245 113 7
245 123 8
74 61 5
147 171 7
83 112 1
473 197 7
348 100 6
364 61 6
438 138 7
27 55 6
265 190 1
352 87 6
197 91 7
46 91 3
318 144 8
372 70 4
448 105 9
133 167 3
239 91 5
408 11 9
81 142 8
408 14 8
182 158 5
23 105 6
245 182 8
240 13 4
349 145 4
397 129 4
271 140 4
237 31 2
348 81 0
383 106 7
146 54 0
376 169 3
80 11 5
363 23 1
466 90 5
310 55 5
35 104 6
209 122 9
145 178 3
114 140 1
438 85 9
416 106 6
326 95 7
41 18 5
327 8 2
13 139 1
386 186 6
373 73 7
225 199 4
248 15 9
16 183 9
137 164 4
73 159 8
117 74 3
155 44 9
357 164 5
443 104 1
141 23 5
274 52 9
73 35 5
410 173 2
123 169 5
182 172 8
330 127 7
67 50 0
109 46 7
401 88 5
17 31 5
174 105 1
265 134 5
476 164 2
460 2 3
415 105 4
312 184 7
52 6 7
196 79 7
406 133 8
265 51 2
79 45 4
257 142 7
459 72 7
63 81 3
27 111 0
9 115 6
79 82 2
325 73 2
137 169 6
228 67 4
329 147 9
408 115 2
294 155 2
171 150 4
149 135 5
220 194 4
256 88 8
70 170 9
173 87 4
180 71 2
440 74 8
16 192 5
171 131 2
219 21 7
419 140 4
254 153 9
447 188 5
357 160 9
364 53 4
257 8 5
144 139 8
