335 104 4
445 102 4
380 53 2
223 192 8
371 37 0
255 183 3
3 60 7
455 187 1
109 170 1
86 151 2
253 116 6
467 3 1
69 131 3
164 111 8
122 14 0
442 71 6
297 62 1
373 124 9
331 56 5
12 157 2
319 178 5
9 19 1
86 116 0
102 53 9
60 9 5
298 194 0
101 5 2
22 86 9
151 124 5
500 69 2
177 137 4
97 165 3
41 114 3
345 41 7
262 38 1
37 188 7
331 146 6
19 38 5
411 62 4
55 183 9
215 149 6
263 162 8
82 91 4
458 40 2
473 86 4
479 191 4
340 63 1
316 48 4
256 70 3
43 143 5
42 130 4
48 119 3
75 108 7
3 84 5
124 38 5
280 126 0
140 24 1
208 36 6
384 147 7
306 175 7
223 17 8
148 59 1
175 197 1
216 0 2
143 189 3
106 77 9
385 168 8
16 72 2
228 186 3
5 119 1
187 78 0
208 111 4
213 143 7
120 74 0
73 120 1
456 91 6
440 147 3
250 58 7
399 111 2
247 2 3
381 127 0
97 91 4
259 190 1
183 68 8
71 149 6
260 118 1
115 119 5
150 15 4
187 111 6
240 104 9
99 69 3
16 164 9
170 61 0
423 22 3
125 114 1
180 34 6
430 78 7
103 88 6
279 75 0
220 137 2
145 41 9
234 69 3
206 92 3
442 23 3
178 59 2
36 20 1
462 76 0
411 23 2
146 146 7
201 131 7
233 0 3
387 7 7
299 46 0
222 132 3
382 36 8
459 146 1
151 55 4
255 95 0
252 177 9
415 60 7
77 190 0
445 83 3
335 72 9
89 31 1
475 71 9
255 22 5
29 62 3
417 115 9
61 153 1
129 45 6
166 70 7
279 119 2
9 153 8
255 179 6
326 199 2
347 77 4
169 179 6
324 17 8
313 49 6
355 120 6
56 100 3
205 51 8
393 102 8
15 182 4
63 116 3
35 133 9
274 34 6
427 140 9
29 114 8
175 167 7
59 98 0
198 51 7
268 71 5
335 181 9
121 109 7
371 167 7
314 107 9
118 6 4
372 20 7
394 168 6
373 183 9
207 96 6
216 66 0
436 112 9
483 69 8
382 59 0
426 99 0
177 44 3
474 86 3
362 76 3
482 54 9
27 165 4
414 60 0
47 65 1
15 26 4
250 130 4
321 101 7
445 193 2
49 19 3
182 100 2
495 168 7
183 3 6
385 171 5
176 102 2
394 142 7
23 186 1
425 195 4
435 110 1
29 171 3
419 118 3
401 140 9
322 38 9
473 184 7
185 105 6
440 86 3
107 5 9
265 27 9
477 130 8
19 138 8
283 44 9
98 19 4
222 131 4
115 156 7
112 9 5
194 146 8
134 91 5
134 188 8
11 74 7
135 125 7
378 151 4
444 88 9
141 125 8
379 41 0
293 168 0
441 84 2
194 88 2
444 82 8
382 181 2
301 180 2
288 181 5
352 22 7
27 70 9
163 192 8
423 130 7
158 87 1
278 34 6
382 155 8
409 150 6
293 165 5
498 102 7
246 67 9
44 57 7
10 32 3
5 49 5
248 64 7
33 193 3
374 177 2
256 15 7
42 138 2
19 165 8
55 30 0
413 21 3
265 189 1
169 125 0
80 159 9
365 90 8
133 43 1
33 149 9
57 91 2
349 81 3
470 128 6
159 44 3
173 88 9
171 119 0
145 29 1
217 153 5
175 49 3
45 106 6
371 59 0
363 181 0
147 186 3
156 4 6
68 128 8
255 43 0
207 11 8
389 33 7
216 19 4
478 29 8
98 118 2
315 3 0
226 32 6
480 108 1
429 139 8
92 56 9
48 92 4
435 52 7
47 1 7
234 16 3
76 15 3
436 79 4
436 23 1
153 94 5
401 135 9
269 102 5
222 132 0
262 24 0
412 193 8
197 114 4
265 75 3
144 132 9
15 108 7
347 195 3
353 43 1
99 15 0
75 58 6
160 133 3
402 147 4
172 189 9
448 156 4
132 180 3
