460 132 6
56 71 0
109 88 3
158 115 7
404 55 1
361 199 4
236 60 3
277 64 6
326 109 2
3 144 7
266 165 9
33 77 1
167 40 4
386 35 7
465 150 8
152 36 2
45 114 5
371 1 4
117 64 8
457 123 4
188 53 2
357 27 5
135 71 1
384 16 0
67 15 4
297 105 5
382 91 6
43 13 0
195 18 4
252 129 9
8 175 6
132 113 9
426 114 7
102 166 8
187 35 1
333 158 8
485 167 2
224 173 9
343 88 9
167 117 5
493 51 7
183 192 2
372 99 8
207 40 8
92 141 7
84 192 7
34 104 1
488 141 3
113 128 4
262 136 1
188 29 6
130 193 7
401 138 5
120 100 4
250 14 4
356 13 3
186 67 8
278 92 2
222 165 8
352 78 2
156 195 9
470 37 4
442 187 9
321 95 6
168 122 8
82 188 3
355 186 9
296 134 0
183 154 5
395 44 9
220 161 4
301 95 7
235 152 4
488 170 2
234 36 6
480 156 1
290 181 2
65 28 2
392 23 8
36 155 7
454 196 7
248 37 9
410 134 3
111 128 5
50 134 6
256 133 8
171 134 6
223 46 8
61 113 0
461 115 8
9 160 4
62 107 7
221 66 7
499 164 5
425 117 5
463 61 2
240 84 3
348 173 9
198 74 6
203 77 3
430 173 7
331 30 7
328 39 9
272 3 2
372 165 7
233 177 7
82 50 4
89 139 7
77 19 8
215 177 2
90 15 3
143 42 3
179 136 1
120 112 0
146 32 6
309 29 8
101 130 5
398 39 9
396 63 1
232 105 4
361 91 7
47 5 4
333 73 4
439 1 1
370 185 8
294 192 1
138 85 8
404 80 6
308 17 4
369 129 6
75 44 5
154 164 2
66 63 9
282 134 7
388 135 0
324 128 5
326 190 8
265 149 3
239 142 2
282 72 2
424 61 8
15 126 2
103 103 0
287 29 7
400 86 7
150 30 2
457 42 7
487 164 3
45 118 0
221 125 8
114 16 2
443 124 8
246 63 8
457 1 3
3 5 4
467 106 9
468 160 9
404 162 8
327 169 7
231 79 4
170 58 6
248 59 9
302 46 4
375 169 3
198 98 5
442 122 0
352 77 1
465 98 8
120 177 4
103 6 6
306 179 3
180 153 3
5 66 8
219 158 9
317 97 5
144 120 5
257 57 9
111 160 7
92 67 4
485 137 3
265 169 8
318 0 8
463 110 8
6 183 5
56 193 9
353 127 8
181 93 5
414 156 0
124 192 3
349 63 3
394 5 5
271 35 9
42 100 9
241 102 1
170 81 0
308 96 6
456 134 1
109 120 2
490 83 6
81 89 4
114 35 5
235 38 2
110 7 8
226 69 4
237 80 4
81 185 9
277 26 1
112 68 1
379 101 4
77 6 1
65 106 0
359 109 4
168 29 0
173 10 1
68 45 1
198 134 1
458 6 3
268 50 8
376 32 3
298 190 7
67 184 2
406 184 6
224 140 6
430 4 1
332 183 9
13 1 5
148 197 3
388 147 6
187 81 7
177 129 2
14 157 4
26 58 6
349 62 5
488 193 0
144 103 1
183 192 1
27 46 6
29 121 2
435 195 0
134 166 8
204 15 1
62 54 3
457 185 2
193 87 1
176 28 5
292 124 5
141 55 5
457 170 2
274 109 6
190 61 4
100 121 4
211 49 1
438 92 8
403 105 0
324 52 3
356 93 5
476 41 8
172 119 4
281 108 9
428 116 8
165 148 0
40 151 2
7 75 5
408 179 6
359 161 5
471 189 4
357 118 9
94 151 4
288 96 4
429 94 9
280 93 3
136 198 0
222 180 9
262 136 1
298 123 7
125 49 9
195 125 7
230 6 1
267 194 7
88 185 7
186 141 5
351 134 0
324 36 7
303 91 2
319 170 0
347 66 1
123 15 6
495 4 4
495 105 6
302 162 3
151 48 1
466 3 6
362 24 6
24 151 7
37 116 7
17 101 5
38 44 0
467 60 2
285 198 6
82 103 4
