463 146 4
496 166 9
472 182 6
203 18 6
377 192 2
454 19 9
325 11 2
392 164 4
221 96 4
136 43 1
293 159 7
284 149 3
105 123 0
4 59 2
415 152 2
354 31 4
265 29 4
420 90 8
446 62 9
177 98 3
235 188 4
363 196 6
199 144 3
335 90 9
420 177 1
429 110 6
453 86 8
127 35 8
120 139 6
35 194 4
30 194 0
368 12 3
46 156 5
85 46 7
391 73 0
149 187 8
231 150 6
197 175 9
146 125 3
257 186 4
184 123 5
24 32 1
345 52 5
195 176 5
365 15 4
181 181 0
235 110 8
486 128 1
369 40 6
440 121 3
129 175 2
495 135 1
454 131 5
456 164 9
207 140 0
143 42 2
486 87 6
242 6 5
489 163 4
275 55 9
467 138 4
303 53 9
253 34 9
196 131 3
408 171 6
183 112 9
282 191 3
330 137 9
235 131 1
229 81 8
192 42 9
425 150 6
379 38 0
287 171 9
93 176 7
432 109 2
143 46 7
300 34 8
354 131 5
498 177 8
432 49 6
132 107 1
51 89 6
443 73 4
127 24 6
444 194 4
445 96 6
89 190 9
342 169 0
319 116 6
430 175 5
67 47 0
495 159 4
27 72 2
316 95 0
120 133 5
340 7 7
44 9 3
236 117 2
364 86 7
169 58 0
430 92 5
421 36 5
55 80 2
394 146 9
147 122 4
249 85 6
461 42 4
125 154 3
381 34 4
457 32 1
103 86 0
233 35 9
110 89 4
80 142 1
200 47 1
129 62 0
240 65 7
433 146 5
297 162 6
382 46 0
372 129 6
95 12 2
209 74 8
371 169 4
267 127 4
143 127 8
479 127 5
289 102 5
187 133 6
105 164 1
482 15 0
144 89 8
393 90 1
97 151 6
93 197 8
361 40 0
395 57 5
436 54 7
125 40 1
267 122 6
128 129 4
484 97 6
487 86 8
484 40 9
30 98 6
420 145 1
391 59 6
458 190 7
208 37 0
480 128 1
193 42 7
273 19 3
158 18 2
252 31 4
265 94 2
290 67 6
212 191 5
38 95 4
158 68 3
117 126 8
372 69 0
151 147 9
425 149 9
97 137 1
23 65 4
135 11 2
451 177 9
491 2 6
237 30 4
252 21 4
217 151 3
307 2 2
413 187 3
99 71 8
445 161 4
391 33 7
450 191 3
344 187 1
420 66 4
416 131 3
145 82 4
387 185 6
254 137 3
495 96 4
326 35 8
232 194 2
350 6 5
13 58 5
350 43 5
318 18 5
67 58 8
206 154 7
66 137 2
491 138 2
424 101 1
381 142 9
74 70 8
472 192 9
367 128 5
366 42 7
258 95 5
98 14 0
181 196 0
486 164 1
141 50 7
237 70 2
209 5 3
77 100 7
189 132 5
247 106 1
327 180 6
313 115 5
226 41 5
493 101 6
437 194 6
422 180 0
70 38 2
18 178 6
360 144 5
206 19 5
462 181 3
160 147 7
324 174 1
454 154 0
499 113 5
232 104 7
105 8 8
305 119 3
230 7 4
383 190 8
36 20 9
35 189 5
126 54 2
334 125 9
242 142 4
154 74 8
476 145 0
54 47 6
278 159 3
149 171 9
306 181 2
94 66 6
426 150 8
490 171 9
65 169 4
445 159 1
175 195 2
386 140 5
413 36 2
57 136 9
435 102 4
216 148 1
63 43 8
138 26 3
474 32 2
457 56 3
74 153 2
2 119 9
166 137 5
156 187 0
312 179 9
94 127 3
93 26 2
17 69 5
461 136 4
142 101 7
110 152 0
72 51 2
71 198 4
27 196 3
215 28 4
131 16 6
459 133 3
194 128 1
43 64 4
174 164 3
347 123 0
359 110 9
201 165 5
65 92 9
25 19 0
205 20 3
454 192 4
407 127 9
293 86 6
360 139 4
373 46 0
60 43 4
452 77 8
416 125 6
305 29 2
54 173 0
292 49 1
232 119 7
55 139 1
3 162 2
470 115 9
200 122 2
460 86 3
