413 48 9
474 81 7
34 173 8
15 146 9
212 102 8
220 41 0
324 190 7
493 130 0
440 180 4
65 78 7
365 184 4
131 95 4
221 189 7
474 27 8
308 110 2
187 109 5
382 134 3
179 26 7
416 2 5
17 197 5
6 22 2
356 195 2
241 141 8
216 42 4
464 152 7
311 5 1
291 88 8
385 44 7
23 186 5
155 74 0
239 46 4
238 133 6
350 185 1
259 152 1
234 179 4
417 98 9
191 190 5
414 0 7
81 163 8
440 21 0
27 161 5
147 67 3
238 128 8
125 45 9
160 95 9
162 29 0
250 110 9
193 138 6
269 15 8
90 183 5
300 109 1
218 191 8
309 29 6
278 127 9
450 21 1
200 71 6
30 146 4
420 6 0
413 82 1
488 25 0
347 77 9
325 69 2
284 198 8
450 73 0
203 175 0
99 99 4
309 23 4
7 63 8
206 193 2
496 182 9
287 95 6
148 48 6
306 156 1
240 160 8
264 82 6
367 140 5
35 136 7
191 121 9
455 13 1
381 39 3
51 162 1
423 9 5
168 23 6
79 156 5
241 53 9
74 173 9
267 80 1
78 199 2
81 175 6
106 11 0
436 126 4
377 153 8
486 73 5
80 16 9
20 113 3
467 80 0
118 25 8
429 43 5
253 47 6
235 131 1
1 32 8
347 75 0
387 14 2
33 2 5
463 121 2
205 41 3
101 70 5
287 20 0
132 92 9
167 2 7
248 145 7
9 125 0
70 27 4
127 125 7
408 96 8
152 112 0
152 2 4
104 103 3
196 64 8
176 117 2
63 102 6
142 25 3
112 106 3
284 148 9
92 131 6
380 37 9
364 115 3
249 152 4
149 176 9
465 168 1
485 166 1
317 197 6
240 43 6
33 140 5
362 52 1
284 17 8
259 119 2
385 79 3
472 51 6
114 59 1
168 8 3
167 19 9
123 19 3
214 81 3
437 186 2
357 158 8
343 137 0
33 20 3
179 7 2
304 127 6
247 182 4
46 152 7
236 182 9
60 48 6
279 169 1
356 131 2
399 163 3
361 35 9
333 33 9
206 57 8
10 118 3
130 84 0
12 73 4
25 83 3
417 8 8
363 17 7
474 87 7
247 135 4
237 92 2
196 161 1
241 28 1
125 197 7
90 72 7
108 2 8
108 93 3
177 128 6
373 32 9
462 180 2
316 113 3
335 129 9
88 35 5
19 126 2
496 42 7
390 124 2
443 16 6
205 116 2
106 87 9
355 17 0
315 118 7
353 161 5
413 12 5
490 52 4
300 113 0
218 1 6
361 173 1
465 113 5
92 120 9
8 66 7
342 188 6
98 105 8
231 138 9
323 11 8
72 106 2
272 133 1
34 112 2
299 189 9
114 13 3
172 151 4
338 24 0
493 133 8
5 39 0
445 9 8
202 145 4
7 112 3
406 193 4
303 18 5
467 192 7
266 40 2
23 67 8
473 85 9
385 22 2
462 88 7
124 125 8
69 41 3
191 52 9
397 78 8
277 198 2
412 183 6
189 111 3
51 141 2
160 135 9
59 97 6
144 25 3
113 195 9
313 62 7
444 192 9
186 126 2
347 99 9
451 142 0
137 158 8
392 182 7
466 64 8
217 81 7
368 29 5
113 88 0
393 24 7
382 47 2
60 172 0
187 8 0
268 193 2
366 181 1
474 89 5
465 136 7
397 131 7
467 177 2
243 134 5
314 123 0
21 61 9
217 195 2
496 79 2
495 2 3
129 118 3
457 50 6
426 95 1
278 86 7
377 8 0
35 8 0
266 79 9
476 23 0
290 95 0
323 197 8
10 58 4
11 168 9
83 65 6
226 19 5
61 87 1
478 32 1
125 149 4
329 90 3
122 56 3
430 48 4
27 100 5
149 107 2
433 20 2
316 120 7
211 176 2
414 65 1
44 195 7
418 56 3
403 115 1
456 84 8
289 4 5
454 22 9
190 199 4
36 68 4
315 15 7
321 6 4
346 128 8
403 79 4
450 155 4
