284 139 6
80 88 2
481 115 5
199 35 7
126 74 6
466 153 1
91 8 9
324 14 0
209 24 6
75 152 8
129 28 0
2 198 9
295 115 7
421 110 3
469 129 6
254 47 2
34 96 3
423 85 5
75 3 5
119 67 4
386 141 6
187 16 5
412 189 7
390 143 5
452 10 9
67 194 6
336 163 9
488 12 5
325 89 9
434 108 2
374 189 3
86 121 1
78 100 0
40 181 2
493 80 8
480 50 6
44 98 0
459 82 5
79 111 8
484 108 7
274 16 6
441 144 7
244 70 2
400 85 1
284 79 5
359 21 7
157 36 3
60 133 5
207 120 0
182 116 4
25 172 2
385 133 4
92 158 6
116 95 9
32 156 7
236 56 9
472 69 6
58 138 5
247 5 9
396 54 0
349 75 5
500 126 7
438 40 5
384 97 2
118 51 9
171 146 6
199 164 6
420 110 9
491 115 4
38 173 2
303 135 6
455 117 8
291 138 7
487 192 8
157 77 9
264 34 3
299 89 6
366 28 7
1 68 2
121 7 7
144 155 3
426 59 3
362 135 2
367 78 9
228 30 6
380 189 2
409 108 3
211 197 9
447 96 6
213 33 3
308 140 6
480 183 4
446 4 6
65 124 3
347 158 0
326 104 6
177 16 1
57 51 8
406 162 9
60 0 3
35 192 2
469 27 8
46 182 7
342 37 8
488 172 3
352 60 9
221 190 9
191 89 3
78 115 9
484 193 1
264 42 3
218 78 4
308 192 4
111 117 0
28 162 2
464 92 5
82 92 4
242 74 8
473 183 5
353 54 3
3 86 3
429 167 8
206 80 7
229 146 5
184 116 3
203 64 0
451 136 0
42 60 9
262 116 8
78 191 9
425 186 1
407 91 4
265 82 6
96 198 2
310 90 3
433 6 1
372 28 2
207 141 4
393 195 7
196 162 5
272 143 4
365 44 4
330 70 0
463 189 6
327 77 8
249 108 3
257 43 6
172 42 9
266 66 9
421 14 9
461 120 5
440 96 1
208 149 4
480 142 0
277 26 8
262 20 9
290 172 9
430 71 0
37 57 7
122 64 8
4 98 4
56 97 0
131 70 8
223 43 3
187 133 8
101 109 1
23 137 7
273 154 4
381 81 6
50 171 9
14 48 0
98 34 8
487 145 5
119 29 8
378 119 2
278 21 3
101 145 1
13 93 8
472 12 3
39 100 6
29 8 0
185 182 1
466 73 4
302 137 3
398 49 7
395 89 9
333 128 6
21 154 7
175 114 2
116 124 1
170 197 7
496 110 5
442 192 5
121 66 7
113 25 8
471 17 4
500 29 5
229 18 4
407 32 5
452 106 5
447 198 9
233 56 9
260 198 9
31 185 4
86 17 2
447 117 9
141 6 7
92 11 7
270 52 9
281 82 5
359 96 7
304 75 1
74 32 5
311 126 0
200 112 9
67 172 4
335 125 5
143 199 6
362 66 7
72 178 9
441 145 7
432 11 0
89 106 2
472 30 9
465 146 4
55 9 5
239 153 2
43 87 8
321 173 3
437 35 1
234 159 6
358 176 9
380 81 7
55 112 4
196 110 2
227 139 3
6 84 8
394 13 3
435 159 1
200 84 2
301 86 1
412 168 2
6 9 9
196 59 3
158 15 7
13 126 4
384 150 2
378 113 8
285 99 6
74 47 1
480 70 8
56 19 1
225 96 6
480 45 3
69 27 2
98 181 5
54 51 5
305 109 6
403 114 6
11 43 9
38 104 5
51 26 9
315 62 2
435 10 0
326 126 9
484 187 7
289 122 4
20 143 9
257 26 8
110 188 7
146 118 4
226 15 4
235 143 9
317 156 0
295 72 5
65 87 2
360 79 6
159 134 2
77 78 7
133 32 1
298 198 3
282 159 1
5 110 2
12 62 7
153 109 0
97 22 8
289 84 7
41 122 2
402 161 2
32 10 7
474 53 9
26 164 0
217 99 5
390 99 5
238 159 0
345 120 6
111 3 9
419 193 1
355 81 1
294 177 0
