87 70 3
268 78 7
419 159 7
408 196 5
134 152 3
257 78 7
303 1 6
296 136 1
428 123 3
188 196 0
415 198 7
463 186 0
273 153 9
421 61 3
285 125 9
291 101 3
270 9 0
257 130 6
68 23 6
201 4 9
217 90 1
176 62 1
76 20 4
276 18 6
261 101 9
301 45 0
337 189 3
175 176 9
187 173 3
472 106 8
1 117 3
320 72 5
275 130 1
421 34 9
227 159 4
308 97 8
211 185 9
242 93 5
39 179 9
118 71 1
81 123 4
317 88 3
6 11 0
246 188 7
58 149 5
287 49 5
279 167 8
468 88 3
270 61 7
230 20 5
68 66 8
244 15 2
168 38 8
441 23 5
127 17 0
36 80 6
317 35 3
333 152 0
317 30 2
266 90 8
388 165 9
165 157 5
4 190 6
356 35 7
443 102 1
92 27 3
453 115 4
140 106 5
412 44 3
106 137 5
171 136 0
60 44 8
351 72 1
379 9 8
409 17 9
85 72 5
4 190 0
104 106 7
342 31 4
270 144 5
188 85 2
207 159 4
435 192 8
188 24 6
129 162 0
137 129 5
85 197 3
144 0 3
48 27 6
86 196 7
272 69 2
20 158 2
119 173 8
490 176 4
418 22 5
369 130 2
190 38 8
81 83 2
130 6 5
198 50 1
308 57 3
466 120 3
2 78 5
58 88 1
336 161 5
174 154 2
197 68 3
492 184 6
39 33 5
331 162 8
482 165 7
200 92 9
61 4 9
217 36 2
334 43 7
362 55 6
451 3 5
16 174 0
490 126 3
153 54 4
256 149 6
209 101 3
428 14 0
86 195 6
283 86 3
292 123 2
82 156 5
249 105 7
305 89 3
121 41 2
105 61 0
85 198 4
1 68 6
107 162 1
74 111 2
203 179 3
292 21 0
401 181 5
428 109 2
323 180 8
403 160 7
449 62 3
410 93 7
196 133 8
257 19 5
54 107 7
288 188 9
495 14 2
154 165 1
269 173 7
195 161 3
110 139 3
44 75 2
348 160 7
278 194 5
86 179 5
132 165 5
18 143 4
316 122 2
344 8 8
495 146 7
379 18 0
277 169 7
264 40 6
92 4 4
95 63 6
363 183 9
260 109 7
168 25 5
336 71 9
398 146 9
367 67 7
95 48 6
66 37 6
232 138 3
291 106 6
488 193 2
417 33 2
219 80 9
11 137 8
278 113 4
282 13 3
230 27 5
79 153 7
426 28 6
350 78 0
37 192 2
142 55 8
158 84 1
462 199 3
476 53 1
23 117 2
263 74 4
40 82 0
134 108 5
144 186 5
108 65 2
256 167 0
416 136 7
437 173 8
470 68 7
37 82 7
260 196 4
106 173 7
233 192 6
388 99 6
44 199 0
407 140 4
42 178 7
327 17 3
242 87 2
228 22 1
382 111 7
162 88 1
357 157 4
239 42 6
277 75 0
183 2 5
187 24 0
18 21 1
398 151 1
494 42 8
425 125 7
261 149 1
425 50 8
320 93 5
282 195 8
291 177 0
215 107 4
45 134 9
454 159 5
6 11 4
444 130 8
200 41 5
141 71 7
391 67 9
259 81 4
274 182 8
149 67 2
211 198 7
331 114 5
390 93 2
264 132 1
260 145 7
352 158 6
425 84 9
216 177 2
397 0 0
85 22 0
121 131 1
154 63 3
85 175 3
4 66 3
469 121 0
404 65 9
27 194 8
246 172 2
285 106 6
325 174 8
258 30 8
345 176 1
305 184 3
146 153 0
20 191 0
408 181 6
496 198 1
371 8 5
55 141 9
302 83 6
346 68 8
403 174 6
419 96 5
231 120 0
271 29 3
391 23 6
421 162 5
138 157 7
131 123 9
261 140 6
166 165 8
101 128 5
500 54 7
178 3 5
450 146 3
148 184 1
398 143 7
332 161 5
214 0 1
345 52 7
246 143 9
156 167 4
391 146 4
163 187 3
396 165 8
343 60 0
291 187 1
223 177 2
90 124 1
394 117 4
136 94 9
