50
100 10 100 
190 10 180 
10 50 60 
190 10 110 
150 190 140 
40 30 40 
150 140 30 
80 30 180 
130 40 20 
130 120 140 
100 110 130 
140 130 80 
90 110 30 
60 100 140 
180 120 160 
180 170 170 
70 110 190 
180 120 170 
160 80 60 
100 120 130 
60 40 150 
120 60 150 
10 160 10 
30 110 150 
150 60 130 
20 150 180 
180 150 20 
140 70 100 
130 60 180 
30 110 170 
90 10 140 
120 50 170 
190 110 60 
120 10 180 
130 130 50 
100 70 50 
170 10 50 
170 150 170 
190 70 30 
140 190 140 
30 70 100 
90 90 70 
170 150 60 
170 20 110 
10 60 90 
30 170 190 
170 190 90 
70 190 100 
10 150 40 
80 40 150 
