50
190 80 170 
80 180 50 
70 80 170 
170 40 130 
140 50 110 
180 50 70 
170 110 10 
50 190 80 
70 190 170 
40 120 50 
160 10 60 
170 30 140 
90 170 80 
20 130 160 
40 40 190 
50 60 110 
170 110 60 
170 50 70 
150 170 100 
180 100 50 
160 170 20 
180 180 170 
100 110 120 
70 20 60 
30 110 80 
110 10 150 
120 170 70 
20 120 80 
160 60 120 
50 80 80 
140 180 50 
10 160 40 
150 40 30 
40 160 180 
30 70 50 
70 30 110 
10 170 130 
170 60 40 
80 150 10 
140 20 20 
10 130 130 
60 50 140 
170 50 80 
20 60 170 
80 80 190 
170 180 190 
170 190 100 
10 140 160 
110 180 170 
120 130 80 
