50
60 190 120 
190 60 60 
50 180 150 
70 10 180 
180 90 100 
100 130 130 
150 180 80 
150 150 100 
160 80 100 
70 100 60 
170 100 160 
10 80 170 
110 90 70 
170 110 80 
150 160 100 
20 150 60 
90 160 90 
120 50 150 
30 10 40 
110 190 70 
120 160 120 
140 90 20 
70 40 20 
20 100 10 
190 180 170 
90 110 180 
60 90 180 
110 180 190 
170 10 120 
160 120 100 
170 120 160 
40 50 70 
160 110 10 
30 10 130 
30 90 150 
190 70 130 
30 170 130 
140 60 30 
10 120 170 
130 70 30 
130 70 110 
80 90 100 
190 70 120 
140 70 170 
20 90 170 
160 90 10 
140 10 90 
170 130 120 
90 60 50 
30 60 150 
