279 125 8
355 118 4
209 83 1
408 159 6
487 157 8
37 185 2
371 194 0
33 72 6
455 140 6
206 172 1
490 24 2
210 20 0
194 63 2
113 92 5
128 92 6
268 160 5
190 24 6
35 7 0
245 144 2
438 50 0
433 155 2
155 100 7
223 148 9
80 154 0
341 57 1
382 79 4
267 119 5
387 189 3
236 28 6
2 18 4
98 22 8
439 63 8
117 183 9
279 153 1
383 92 2
187 14 6
222 36 4
159 25 1
43 27 2
239 109 7
64 34 8
463 145 6
441 188 7
144 129 0
177 140 7
196 80 1
300 189 2
374 8 0
393 70 6
236 42 0
288 88 5
109 190 0
48 2 0
281 196 0
70 154 3
54 158 9
344 35 4
470 53 9
362 33 6
220 72 9
102 6 3
175 115 2
460 52 1
79 193 5
317 148 3
359 68 5
497 164 6
137 116 2
79 140 8
335 30 3
411 18 4
344 146 4
109 144 3
347 157 2
399 128 7
26 155 6
80 42 7
181 161 2
113 175 2
43 141 9
82 174 3
276 79 7
381 145 0
240 26 2
341 75 6
378 57 5
95 128 5
77 65 2
267 74 9
223 169 3
250 34 3
38 199 5
23 7 6
74 187 0
53 197 3
391 133 1
301 139 7
484 4 5
419 126 7
256 177 0
380 62 5
97 45 2
288 159 5
36 15 1
23 56 3
264 62 7
2 177 0
74 30 7
298 81 0
234 24 0
207 66 4
431 42 8
408 135 7
300 59 2
58 132 0
418 134 3
211 16 7
492 116 2
232 60 7
392 58 0
74 107 6
213 132 6
403 22 5
415 113 5
378 49 4
57 35 5
416 190 9
392 77 4
476 52 3
126 6 3
391 142 8
243 171 7
234 116 3
374 148 5
410 1 4
244 111 8
412 142 7
183 187 6
65 162 7
204 94 3
260 30 5
221 195 1
465 175 4
231 63 9
271 66 1
234 52 7
338 76 7
210 14 1
67 138 4
221 23 2
442 76 7
399 62 8
240 7 6
163 180 0
473 66 2
452 156 7
404 40 0
401 53 9
334 183 0
407 192 0
411 8 3
53 70 7
339 123 0
27 24 4
47 178 5
370 61 2
95 151 7
203 98 4
146 91 5
231 167 3
238 92 6
300 106 9
35 174 5
203 18 9
393 3 2
444 115 0
319 49 0
375 154 4
170 30 6
113 195 8
130 144 7
134 130 9
333 144 4
123 7 1
352 49 2
151 157 7
146 44 5
241 162 0
267 53 6
211 66 3
419 147 6
155 37 5
439 13 9
439 110 7
112 141 0
193 62 6
193 146 0
381 14 3
416 9 8
87 10 1
216 128 3
249 135 7
117 178 6
339 121 7
443 188 7
284 92 6
280 29 6
482 27 9
143 38 3
190 169 4
20 168 2
79 10 8
37 42 3
324 139 2
50 47 1
490 0 3
247 198 3
44 62 9
137 182 8
373 28 5
322 178 9
387 80 1
5 122 2
43 168 6
379 166 1
68 56 3
213 116 8
112 62 8
205 104 4
463 148 0
271 171 9
456 137 2
63 118 6
322 28 9
338 181 0
401 156 6
261 78 2
49 73 4
335 30 5
406 53 9
82 182 6
436 118 4
99 31 1
486 8 0
324 45 6
106 178 6
398 166 2
430 78 0
256 127 6
287 95 4
455 190 7
55 68 3
124 191 0
344 47 1
175 105 7
492 198 8
106 80 8
310 151 4
239 18 1
105 160 8
375 92 6
194 182 7
98 42 8
40 169 5
17 155 0
394 73 0
85 23 3
237 128 0
364 75 0
353 168 7
334 199 1
120 37 0
299 191 8
123 38 0
165 170 3
171 33 7
107 147 8
71 118 9
478 139 7
165 106 2
349 196 8
311 109 8
359 64 8
56 102 3
100 145 4
92 84 6
330 186 7
242 52 9
139 188 8
263 14 6
108 63 1
247 56 5
197 88 4
478 117 7
216 134 3
278 193 5
218 85 4
203 19 0
472 134 3
186 180 7
