50
120 50 80 
90 30 100 
190 80 20 
30 120 60 
120 20 60 
120 40 140 
180 170 40 
80 10 20 
50 70 180 
150 30 180 
120 180 170 
130 110 120 
130 150 40 
160 150 70 
10 110 150 
190 30 40 
20 120 110 
140 20 10 
190 100 100 
160 20 80 
70 180 60 
100 140 90 
30 190 30 
170 50 150 
100 100 80 
160 150 190 
40 40 50 
40 90 170 
130 60 100 
110 20 30 
40 20 90 
160 110 130 
70 110 90 
40 170 30 
130 50 20 
180 110 50 
40 170 170 
160 110 100 
140 140 110 
80 40 130 
130 50 190 
70 110 110 
110 100 100 
60 40 50 
180 60 20 
170 60 130 
160 150 30 
30 190 90 
190 10 110 
30 90 30 
