50
70 130 30 
150 50 190 
120 40 80 
70 10 20 
10 70 140 
140 60 120 
140 120 180 
20 130 130 
70 20 90 
110 70 180 
10 60 70 
70 80 40 
40 170 150 
100 40 20 
110 110 70 
110 60 160 
70 80 120 
160 160 110 
180 160 70 
100 190 180 
170 110 40 
190 190 70 
160 60 130 
20 60 130 
110 30 190 
140 170 30 
190 30 30 
90 30 150 
50 30 20 
10 80 120 
120 140 140 
90 130 10 
80 30 180 
100 30 180 
130 90 40 
100 30 180 
60 190 110 
180 90 140 
10 60 70 
160 50 190 
180 80 140 
150 110 140 
20 40 110 
120 110 70 
100 40 180 
50 110 150 
100 30 20 
180 10 140 
60 40 20 
10 50 160 
